86
489 418 520 444
411 381 436 406
336 499 367 523
414 496 447 524
334 387 364 414
339 306 366 340
288 231 317 254
267 90 298 119
292 141 322 161
301 165 326 188
329 161 356 185
425 265 450 294
531 335 554 360
281 404 313 437
305 385 331 414
298 348 323 368
229 203 255 226
116 163 135 184
78 332 106 363
29 294 60 316
6 199 28 220
41 200 64 222
57 176 83 210
16 163 47 193
137 82 174 112
149 34 181 60
191 45 221 69
227 33 255 62
79 68 109 98
87 407 129 439
625 378 653 404
564 360 607 400
584 308 611 344
329 229 364 259
333 192 364 222
300 461 338 490
446 565 470 579
461 573 485 599
330 577 358 603
339 534 381 573
133 543 165 572
65 507 92 534
139 454 187 493
161 415 188 446
202 436 231 463
193 454 231 483
221 430 240 449
227 448 258 467
250 459 275 482
266 433 302 475
215 541 243 571
167 541 198 576
158 507 182 534
184 503 216 526
182 481 219 513
82 554 106 580
90 543 117 571
109 581 137 600
3 548 22 569
0 508 20 531
14 521 43 549
3 342 24 368
38 354 65 383
56 385 87 420
0 401 29 429
294 547 313 567
303 571 325 589
296 588 324 602
235 496 254 524
248 485 266 508
269 509 301 541
285 563 312 589
265 572 295 597
248 556 275 575
216 571 252 595
315 268 347 304
234 136 269 166
173 174 204 210
191 98 223 129
168 67 210 103
131 122 159 146
144 110 167 131
159 114 197 142
142 147 174 172
89 112 116 144
111 109 134 144
