80
660 285 693 317
583 258 616 288
538 130 570 158
580 158 623 192
496 164 526 188
420 329 451 361
410 292 449 322
600 451 631 487
634 417 669 448
656 397 698 435
648 353 688 386
676 429 708 467
680 496 704 523
631 501 666 528
524 492 561 518
501 488 536 524
421 493 456 524
640 534 676 559
318 328 352 368
295 295 317 323
289 271 317 296
238 324 282 355
512 12 548 48
353 17 397 60
333 5 363 34
265 0 305 33
145 22 190 57
132 74 166 110
169 69 193 101
278 176 320 223
280 219 320 252
244 252 269 278
246 278 269 301
199 244 242 276
170 243 194 273
152 231 179 263
112 195 139 229
188 180 222 208
121 169 156 189
168 210 195 235
135 439 162 476
164 471 190 497
129 488 159 508
181 382 223 424
184 359 220 390
279 368 301 390
268 343 291 369
384 452 412 480
352 463 384 495
346 508 376 543
416 454 451 492
203 293 228 313
196 316 229 348
481 247 503 276
364 140 391 167
573 44 593 68
559 17 579 47
597 17 620 41
633 74 671 122
674 99 700 136
684 67 708 88
539 374 576 414
566 327 597 358
532 232 562 259
522 203 548 233
542 201 571 225
541 184 566 206
550 164 576 196
365 349 397 379
397 415 423 452
518 517 549 543
446 214 474 239
425 169 462 208
288 129 327 162
263 42 295 72
533 80 560 102
551 68 578 93
535 55 556 79
606 48 631 77
585 58 616 91
